StartTime：2015年4月27日16:47:55
Time(s)	ax	ay	az	wx	wy	wz	AngleX	AngleY	AngleZ	T
9316.768	-0.5884	0.2231	-0.7778	2.7466	-1.1597	5.1270	165.3827	35.0079	138.3344	32.19
9316.797	-0.6011	0.2285	-0.7847	2.8076	-0.3662	6.6528	165.4706	35.0299	138.0048	32.18
9316.847	-0.5737	0.2354	-0.7896	1.7090	-1.7700	1.7090	165.5090	35.0024	137.5928	32.19
9316.917	-0.5850	0.2246	-0.7876	-1.3428	-0.1221	-4.3945	165.6464	35.0903	137.4554	32.21
9316.947	-0.5913	0.2148	-0.8003	-1.8311	5.3101	-5.4321	165.8551	35.1727	137.7026	32.19
9317.012	-0.6108	0.2080	-0.7803	1.7090	4.6387	-1.0376	166.1298	35.0134	138.0927	32.19
9317.046	-0.6089	0.2026	-0.7876	4.2114	0.1221	2.1973	166.4209	34.8431	138.2135	32.19
9317.096	-0.5957	0.2251	-0.7881	-2.1973	3.4790	1.0986	166.6956	34.8541	138.0762	32.18
9317.165	-0.5981	0.2148	-0.7871	-3.1738	3.9063	-2.8076	166.6956	34.7113	138.0487	32.19
9317.196	-0.5898	0.2134	-0.7896	-3.3569	2.7466	-4.2114	166.7889	34.5905	138.2574	32.19
9317.266	-0.5679	0.2046	-0.8008	-2.3804	-1.1597	-4.7607	166.9098	34.5410	138.5321	32.21
9317.295	-0.5635	0.1851	-0.8047	-4.1504	5.4932	-5.6152	167.0746	34.6729	138.7903	32.21
9317.345	-0.5771	0.1938	-0.8091	-0.5493	2.8076	0.6104	167.2394	34.4916	139.1858	32.20
9317.414	-0.5791	0.1826	-0.8057	-0.6104	1.8311	0.7324	167.3547	34.3707	139.1803	32.21
9317.445	-0.5791	0.1904	-0.8008	-0.5493	1.0986	2.1973	167.4591	34.3048	139.1473	32.21
9317.509	-0.5918	0.1978	-0.7988	0.1831	-0.8545	5.8594	167.5031	34.2609	139.0210	32.22
9317.544	-0.5840	0.2041	-0.8003	-1.7090	0.4272	0.7324	167.4426	34.2773	138.6584	32.19
9317.609	-0.5825	0.2021	-0.7954	-3.4790	2.1362	-2.4414	167.4646	34.2828	138.6090	32.20
9317.644	-0.5767	0.1982	-0.8032	-5.7983	3.6011	-5.7983	167.5195	34.2389	138.7683	32.19
9317.693	-0.5688	0.1870	-0.8105	-6.5308	2.8076	-5.4321	167.5800	34.1565	139.1473	32.21
9317.758	-0.5659	0.1802	-0.8135	-3.2959	2.2583	1.0986	167.5964	34.1016	139.4989	32.22
9317.793	-0.5728	0.1870	-0.8164	-0.5493	1.4648	4.2114	167.5580	34.0027	139.4495	32.20
9317.843	-0.5801	0.1768	-0.8062	-3.1738	0.9766	3.6621	167.5415	33.9148	139.2133	32.20
9317.915	-0.5737	0.1953	-0.8110	-0.9155	1.9531	7.7515	167.4207	33.8654	138.9990	32.22
9317.943	-0.5713	0.2017	-0.8027	-0.4272	0.6104	5.7373	167.2723	33.7170	138.5596	32.22
9318.008	-0.5781	0.1826	-0.8032	-1.9531	1.4038	10.8643	167.2064	33.6566	138.2190	32.22
9318.042	-0.5645	0.1768	-0.8174	1.4648	0.3662	12.7563	166.9153	33.5083	137.5928	32.19
9318.092	-0.5620	0.1851	-0.8237	1.3428	2.2583	19.0430	166.7340	33.3710	136.8457	32.20
9318.161	-0.5757	0.1230	-0.8042	11.9019	-4.7607	51.6968	166.3660	33.0743	135.7526	32.19
9318.191	-0.6108	0.0630	-0.8218	25.0854	1.4648	94.4824	165.4926	32.7448	132.6819	32.20
9318.261	-0.5078	0.1006	-0.8691	62.9272	4.0894	170.4712	164.0808	31.5637	127.2546	32.19
9318.291	-0.5923	0.3677	-0.8179	31.0669	55.5420	100.0366	162.4823	29.0643	117.6855	32.20
9318.341	-0.7197	0.2769	-0.8667	-58.7769	110.7178	-61.7676	161.9330	25.0159	113.1757	32.19
9318.410	-0.6938	0.0879	-0.8545	6.3477	65.1855	-86.1206	161.3232	20.9125	118.2953	32.19
9318.440	-0.6450	0.2402	-1.1133	21.0571	24.4751	-50.3540	163.8501	19.4183	123.7665	32.19
9318.490	-0.6841	0.3052	-1.2358	31.4941	-5.3101	-67.7490	166.0474	19.0723	126.6833	32.21
9318.560	-0.8257	0.2070	-1.3491	46.6309	-57.0068	-50.4150	168.8544	20.2533	130.0836	32.20
9318.590	-0.7827	0.2505	-1.3994	50.2930	-105.2246	-38.2690	172.0404	23.6371	132.1271	32.20
9318.653	-0.8506	0.3447	-1.3901	67.3218	-150.6348	-32.0435	175.1605	29.1302	133.3905	32.20
9318.689	-0.8438	0.4102	-1.3950	76.1719	-168.7622	-72.0825	179.0826	36.7328	134.4891	32.20
9318.739	-0.7427	0.4131	-1.2778	69.3970	-185.5469	-72.5708	-174.5892	45.0989	138.8123	32.21
9318.807	-0.8555	0.3438	-1.1367	63.3545	-206.1157	-53.4668	-166.7834	53.7671	145.1678	32.22
9318.839	-0.6484	0.1899	-0.7876	50.4150	-220.0317	-69.0918	-157.0880	62.9407	153.5669	32.20
9318.908	-0.6982	0.1597	-0.4990	26.9775	-221.6797	-17.5171	-140.3229	71.4221	169.9915	32.23
9318.938	-0.6328	-0.0298	-0.2168	4.0283	-253.5400	-9.0942	-116.5430	79.1510	-165.6299	32.22
9318.988	-0.5327	0.0503	0.0029	0.5493	-264.2212	-82.6416	-172.1722	84.2871	-104.1779	32.21
9319.056	-0.2832	0.0332	0.1821	44.3726	-284.7900	-137.6343	86.6656	96.7126	-44.9670	32.19
9319.088	-0.3271	-0.1948	0.2344	82.8857	-327.3315	-91.0034	10.3271	102.2937	80.1947	32.18
9319.156	-0.1050	-0.3691	0.1304	75.2563	-340.8813	28.6865	47.7576	86.5833	115.0049	32.18
9319.187	-0.4565	-0.4126	0.5327	26.0620	-311.0352	74.8901	-143.2013	73.4546	-80.9473	32.18
9319.237	-0.3916	-0.3867	0.3828	-4.2725	-313.1714	196.7163	-119.6136	87.6324	-58.7219	32.19
9319.305	0.0024	-0.6021	0.2485	-89.9048	-227.9663	216.9800	91.2579	103.2550	153.7756	32.15
9319.337	0.4292	-0.8735	0.1724	-156.5552	-122.8638	218.5059	-67.5659	91.7249	-155.3741	32.15
9319.406	-0.0166	-1.0503	0.3140	-211.2427	-52.8564	177.5513	-78.8379	98.2233	-122.5140	32.17
9319.436	0.1401	-1.1729	0.4302	-263.2446	29.1748	188.7817	-118.7842	105.3644	-152.8198	32.17
9319.486	-0.2344	-1.4375	0.1392	-228.5767	26.1230	239.3188	-110.2643	111.7529	-130.9186	32.17
9319.555	-0.0093	-1.4204	-0.1855	-184.6924	68.6646	177.3682	-107.9022	121.4044	-116.4880	32.17
9319.586	-0.7144	-0.5254	0.2227	-265.3809	9.0332	255.7983	-107.1057	127.5128	-105.0293	32.17
9319.657	-0.3652	-1.0620	-0.8623	-209.8999	99.0601	163.8794	-114.3127	138.7354	-98.1793	32.14
9319.686	-0.6597	-0.8853	-0.5771	-139.4043	16.7847	195.2515	-117.8668	142.8827	-87.7148	32.16
9319.735	-0.9365	-0.8052	-0.7778	-105.9570	37.6587	44.6167	-120.7068	149.9414	-81.0846	32.14
9319.803	-0.7222	-0.5435	-0.8354	-24.7803	3.9063	31.0669	-124.3652	149.8041	-77.9205	32.12
9319.835	-0.7568	-0.4155	-0.6611	7.8125	11.8408	-12.5122	-125.0793	149.8425	-76.7450	32.13
9319.904	-0.7749	-0.3501	-0.6255	18.2495	-1.0986	-0.7935	-124.7058	147.9584	-76.6187	32.14
9319.934	-0.7031	-0.3779	-0.5850	21.0571	3.6011	-19.4702	-123.9697	146.9641	-76.7230	32.14
9319.984	-0.7349	-0.4673	-0.5513	23.6206	-14.4043	-0.7324	-123.2721	145.0635	-77.2119	32.16
9320.053	-0.7568	-0.4395	-0.4575	26.5503	-9.2163	-26.4282	-122.5580	144.4427	-77.9974	32.15
9320.084	-0.6885	-0.5850	-0.4463	26.6724	-15.6860	-26.6113	-122.0197	142.6575	-79.3707	32.16
9320.147	-0.7300	-0.5615	-0.4028	24.4751	-7.9956	-13.0615	-121.6516	140.9711	-81.1176	32.15
9320.183	-0.6689	-0.5898	-0.3823	14.7705	-2.1362	-10.4980	-120.8936	139.7021	-82.0239	32.17
9320.233	-0.7100	-0.5713	-0.3833	14.9536	7.7515	-0.6714	-120.3497	138.3618	-82.5238	32.16
9320.301	-0.7349	-0.5850	-0.3892	5.0049	10.8643	1.3428	-119.2346	137.2302	-82.1228	32.18
9320.333	-0.6953	-0.5742	-0.3735	5.9204	1.4038	3.9673	-118.4326	136.1316	-81.4581	32.17
9320.402	-0.7046	-0.6035	-0.3696	2.6245	-9.2773	4.5776	-117.9053	135.3790	-81.2714	32.20
9320.432	-0.7109	-0.6035	-0.3623	5.7983	-6.5918	-3.0518	-117.9767	134.9011	-81.7218	32.19
9320.482	-0.7183	-0.6304	-0.3657	-7.6904	1.2207	5.5542	-117.9492	134.0387	-82.2656	32.19
9320.550	-0.7559	-0.6226	-0.3848	-0.6104	2.6245	10.4980	-118.0316	133.3740	-82.0294	32.17
9320.582	-0.7485	-0.6074	-0.3872	3.4180	0.8545	-0.8545	-117.5867	132.9126	-81.5295	32.18
9320.649	-0.7373	-0.5898	-0.3750	7.6904	0.4272	-5.1880	-117.3175	132.0007	-81.5350	32.19
9320.681	-0.7285	-0.5811	-0.3594	8.6670	0.3662	-5.0049	-116.9714	130.9186	-81.7163	32.21
9320.731	-0.6919	-0.5952	-0.3394	6.5308	-0.3052	-1.5869	-116.5704	129.8639	-81.8921	32.20
9320.800	-0.7075	-0.6372	-0.3384	-1.9531	-4.2725	-1.1597	-116.2134	128.9685	-82.0020	32.21
9320.830	-0.7393	-0.6650	-0.3291	-3.3569	-8.2397	9.7656	-116.4661	128.1775	-82.3810	32.20
9320.908	-0.7280	-0.6528	-0.3203	-0.1831	3.7842	-3.2959	-116.6968	127.9742	-82.6611	32.21
9320.929	-0.7480	-0.6006	-0.3179	2.2583	12.2681	-9.1553	-116.4551	126.9305	-82.5403	32.22
9320.980	-0.7139	-0.5942	-0.3555	4.6997	7.8735	-10.4980	-115.7794	125.4749	-81.9965	32.22
9321.057	-0.7065	-0.6001	-0.3599	-4.3335	-3.3569	2.6245	-115.2960	124.0521	-81.8152	32.22
9321.078	-0.7036	-0.6602	-0.3540	-10.6812	0.0000	6.7749	-115.5872	123.4698	-82.0239	32.23
9321.128	-0.7192	-0.6841	-0.3550	-10.3149	3.6621	4.5776	-115.8069	122.9810	-81.7932	32.23
9321.207	-0.7461	-0.6611	-0.3501	-7.3853	6.1646	-2.7466	-115.8069	122.3218	-81.3483	32.23
9321.228	-0.7437	-0.6450	-0.3540	-0.8545	-0.1221	-5.9204	-115.7355	121.3055	-80.9802	32.24
9321.297	-0.7334	-0.5952	-0.3481	0.6104	-4.0283	-0.3052	-115.9113	120.2948	-81.2769	32.24
9321.328	-0.7266	-0.5942	-0.3496	-7.8125	-1.8921	-3.7842	-116.1255	119.6466	-81.6888	32.24
9321.377	-0.6885	-0.5981	-0.3599	-6.7749	-5.3101	3.0518	-116.7297	118.8007	-82.0734	32.24
9321.450	-0.7222	-0.6401	-0.3975	-14.0381	0.1831	-1.5869	-117.3010	118.3282	-82.4634	32.24
9321.478	-0.7056	-0.6558	-0.3872	-6.3477	-5.7983	2.3804	-117.9767	117.5208	-82.5677	32.26
9321.528	-0.6929	-0.6377	-0.3833	-1.0986	0.1831	-1.6479	-118.5864	117.0264	-83.0457	32.26
9321.603	-0.7676	-0.6460	-0.3760	-5.6763	6.8970	-6.0425	-118.6139	116.2244	-83.1555	32.26
9321.626	-0.7280	-0.6553	-0.3525	1.0986	-3.6621	2.0752	-118.4821	115.1093	-82.8424	32.26
9321.676	-0.7212	-0.5986	-0.3105	-6.4697	0.4272	-10.3760	-118.5535	114.5929	-83.1555	32.26
9321.752	-0.6841	-0.6309	-0.3599	-12.2681	-0.6714	-17.3950	-119.2456	113.4668	-83.7543	32.27
9321.776	-0.6924	-0.6606	-0.3911	-7.6294	-6.7749	-11.4136	-120.7892	112.0441	-84.9408	32.27
9321.825	-0.6895	-0.6753	-0.3770	-5.6152	-2.8076	0.9155	-122.4866	111.0443	-86.5503	32.27
9321.902	-0.6782	-0.6548	-0.3765	-8.4229	8.5449	-2.8076	-122.8711	110.4785	-86.8634	32.26
9321.925	-0.6670	-0.6650	-0.3887	3.9063	-0.7324	-7.9956	-122.4097	109.4623	-86.1108	32.28
9321.996	-0.7051	-0.6455	-0.3921	6.4697	-13.0005	-5.7983	-122.7832	108.4790	-86.9019	32.27
9322.025	-0.7056	-0.6509	-0.3545	1.8311	-12.1460	6.4087	-124.4366	107.9462	-89.1815	32.27
9322.075	-0.7295	-0.6626	-0.3076	-3.8452	2.1362	-0.3052	-125.1672	107.9242	-90.2747	32.27
9322.150	-0.7285	-0.6479	-0.3149	-4.3335	4.0894	-0.2441	-124.9200	107.2375	-90.0824	32.28
9322.174	-0.7041	-0.6362	-0.3433	-0.3052	-2.3804	-0.3662	-124.4421	106.5070	-89.5990	32.27
